255 255 255 255 255 255 255 255 255 255 255 255 255 255 255 255
255 255 255 255 255 255 255 255 255 255 255 255 255 255 255 255
255 255   0   0   0   0   0   0   0   0   0   0   0   0 255 255
255 255   0   0   0   0   0   0   0   0   0   0   0   0 255 255
255 255   0   0   0   0   0   0   0   0   0   0   0   0 255 255
255 255   0   0   0 139 139 227 255 139 139   0   0   0 255 255
255 255   0   0   0 139 255 167 227 255 139   0   0   0 255 255
255 255   0   0   0 167 167 227 234 255 167   0   0   0 255 255
255 255   0   0   0 139 167 248 227 139 139   0   0   0 255 255
255 255   0   0   0 139 255 255 167 255 255   0   0   0 255 255
255 255   0   0   0 139 139 227 167 139 139   0   0   0 255 255
255 255   0   0   0   0   0   0   0   0   0   0   0   0 255 255
255 255   0   0   0   0   0   0   0   0   0   0   0   0 255 255
255 255   0   0   0   0   0   0   0   0   0   0   0   0 255 255
255 255 255 255 255 255 255 255 255 255 255 255 255 255 255 255
255 255 255 255 255 255 255 255 255 255 255 255 255 255 255 255
255 255 255 255 255 255 255 255 255 255 255 255 255 255 255 255
255 255 255 255 255 255 255 255 255 255 255 255 255 255 255 255
255 255   0   0   0   0   0   0   0   0   0   0   0   0 255 255
255 255   0   0   0   0   0   0   0   0   0   0   0   0 255 255
255 255   0   0   0   0   0   0   0   0   0   0   0   0 255 255
255 255   0   0   0   5   5 195 255   5   5   0   0   0 255 255
255 255   0   0   0   5 255  65 195 255   5   0   0   0 255 255
255 255   0   0   0  65  65 195 209 255  65   0   0   0 255 255
255 255   0   0   0   5  65 241 195   5   5   0   0   0 255 255
255 255   0   0   0   5 255 255  65 255 255   0   0   0 255 255
255 255   0   0   0   5   5 195  65   5   5   0   0   0 255 255
255 255   0   0   0   0   0   0   0   0   0   0   0   0 255 255
255 255   0   0   0   0   0   0   0   0   0   0   0   0 255 255
255 255   0   0   0   0   0   0   0   0   0   0   0   0 255 255
255 255 255 255 255 255 255 255 255 255 255 255 255 255 255 255
255 255 255 255 255 255 255 255 255 255 255 255 255 255 255 255
255 255 255 255 255 255 255 255 255 255 255 255 255 255 255 255
255 255 255 255 255 255 255 255 255 255 255 255 255 255 255 255
255 255   0   0   0   0   0   0   0   0   0   0   0   0 255 255
255 255   0   0   0   0   0   0   0   0   0   0   0   0 255 255
255 255   0   0   0   0   0   0   0   0   0   0   0   0 255 255
255 255   0   0   0   1   1 194 255   1   1   0   0   0 255 255
255 255   0   0   0   1 255  62 194 255   1   0   0   0 255 255
255 255   0   0   0  62  62 194 209 255  62   0   0   0 255 255
255 255   0   0   0   1  62 240 194   1   1   0   0   0 255 255
255 255   0   0   0   1 255 255  62 255 255   0   0   0 255 255
255 255   0   0   0   1   1 194  62   1   1   0   0   0 255 255
255 255   0   0   0   0   0   0   0   0   0   0   0   0 255 255
255 255   0   0   0   0   0   0   0   0   0   0   0   0 255 255
255 255   0   0   0   0   0   0   0   0   0   0   0   0 255 255
255 255 255 255 255 255 255 255 255 255 255 255 255 255 255 255
255 255 255 255 255 255 255 255 255 255 255 255 255 255 255 255

255 255 255 255 255 255 255 255 255 255 255 255 255 255 255 255
255 255 255 255 255 255 255 255 255 255 255 255 255 255 255 255
255 255   0   0   0   0   0   0   0   0   0   0   0   0 255 255
255 255   0   0   0   0   0   0   0   0   0   0   0   0 255 255
255 255   0   0   0   0   0   0   0   0   0   0   0   0 255 255
255 255   0   0   0 139 139 167 139 255 139   0   0   0 255 255
255 255   0   0   0 139 255 255 139 255 139   0   0   0 255 255
255 255   0   0   0 255 227 234 227 167 167   0   0   0 255 255
255 255   0   0   0 227 167 227 248 255 227   0   0   0 255 255
255 255   0   0   0 139 255 167 167 255 139   0   0   0 255 255
255 255   0   0   0 139 139 167 139 139 139   0   0   0 255 255
255 255   0   0   0   0   0   0   0   0   0   0   0   0 255 255
255 255   0   0   0   0   0   0   0   0   0   0   0   0 255 255
255 255   0   0   0   0   0   0   0   0   0   0   0   0 255 255
255 255 255 255 255 255 255 255 255 255 255 255 255 255 255 255
255 255 255 255 255 255 255 255 255 255 255 255 255 255 255 255
255 255 255 255 255 255 255 255 255 255 255 255 255 255 255 255
255 255 255 255 255 255 255 255 255 255 255 255 255 255 255 255
255 255   0   0   0   0   0   0   0   0   0   0   0   0 255 255
255 255   0   0   0   0   0   0   0   0   0   0   0   0 255 255
255 255   0   0   0   0   0   0   0   0   0   0   0   0 255 255
255 255   0   0   0   5   5  65   5 255   5   0   0   0 255 255
255 255   0   0   0   5 255 255   5 255   5   0   0   0 255 255
255 255   0   0   0 255 195 209 195  65  65   0   0   0 255 255
255 255   0   0   0 195  65 195 241 255 195   0   0   0 255 255
255 255   0   0   0   5 255  65  65 255   5   0   0   0 255 255
255 255   0   0   0   5   5  65   5   5   5   0   0   0 255 255
255 255   0   0   0   0   0   0   0   0   0   0   0   0 255 255
255 255   0   0   0   0   0   0   0   0   0   0   0   0 255 255
255 255   0   0   0   0   0   0   0   0   0   0   0   0 255 255
255 255 255 255 255 255 255 255 255 255 255 255 255 255 255 255
255 255 255 255 255 255 255 255 255 255 255 255 255 255 255 255
255 255 255 255 255 255 255 255 255 255 255 255 255 255 255 255
255 255 255 255 255 255 255 255 255 255 255 255 255 255 255 255
255 255   0   0   0   0   0   0   0   0   0   0   0   0 255 255
255 255   0   0   0   0   0   0   0   0   0   0   0   0 255 255
255 255   0   0   0   0   0   0   0   0   0   0   0   0 255 255
255 255   0   0   0   1   1  62   1 255   1   0   0   0 255 255
255 255   0   0   0   1 255 255   1 255   1   0   0   0 255 255
255 255   0   0   0 255 194 209 194  62  62   0   0   0 255 255
255 255   0   0   0 194  62 194 240 255 194   0   0   0 255 255
255 255   0   0   0   1 255  62  62 255   1   0   0   0 255 255
255 255   0   0   0   1   1  62   1   1   1   0   0   0 255 255
255 255   0   0   0   0   0   0   0   0   0   0   0   0 255 255
255 255   0   0   0   0   0   0   0   0   0   0   0   0 255 255
255 255   0   0   0   0   0   0   0   0   0   0   0   0 255 255
255 255 255 255 255 255 255 255 255 255 255 255 255 255 255 255
255 255 255 255 255 255 255 255 255 255 255 255 255 255 255 255

255 255 255 255 255 255 255 255 255 255 255 255 255 255 255 255
255 214 153 153 153 153 153 153 153 153 153 153 153 153 214 255
255 153   0   0   0   0   0   0   0   0   0   0   0   0 153 255
255 153   0   0   0   0   0   0   0   0   0   0   0   0 153 255
255 153   0   0  11  52  52  52  52  52  52  11   0   0 153 255
255 153   0   0  52 228 205 211 217 216 228  52   0   0 153 255
255 153   0   0  52 210 187 187 198 194 216  52   0   0 153 255
255 153   0   0  52 223 187 183 212 212 216  52   0   0 153 255
255 153   0   0  52 222 207 211 191 201 207  52   0   0 153 255
255 153   0   0  52 216 194 192 205 194 216  52   0   0 153 255
255 153   0   0  52 228 216 224 220 216 228  52   0   0 153 255
255 153   0   0  11  52  52  52  52  52  52  11   0   0 153 255
255 153   0   0   0   0   0   0   0   0   0   0   0   0 153 255
255 153   0   0   0   0   0   0   0   0   0   0   0   0 153 255
255 214 153 153 153 153 153 153 153 153 153 153 153 153 214 255
255 255 255 255 255 255 255 255 255 255 255 255 255 255 255 255
255 255 255 255 255 255 255 255 255 255 255 255 255 255 255 255
255 214 153 153 153 153 153 153 153 153 153 153 153 153 214 255
255 153   0   0   0   0   0   0   0   0   0   0   0   0 153 255
255 153   0   0   0   0   0   0   0   0   0   0   0   0 153 255
255 153   0   0  11  52  52  52  52  52  52  11   0   0 153 255
255 153   0   0  52 198 149 162 175 171 198  52   0   0 153 255
255 153   0   0  52 160 111 110 133 123 171  52   0   0 153 255
255 153   0   0  52 188 109 100 165 163 173  52   0   0 153 255
255 153   0   0  52 186 153 160 118 141 154  52   0   0 153 255
255 153   0   0  52 171 123 121 148 123 171  52   0   0 153 255
255 153   0   0  52 198 171 188 180 171 198  52   0   0 153 255
255 153   0   0  11  52  52  52  52  52  52  11   0   0 153 255
255 153   0   0   0   0   0   0   0   0   0   0   0   0 153 255
255 153   0   0   0   0   0   0   0   0   0   0   0   0 153 255
255 214 153 153 153 153 153 153 153 153 153 153 153 153 214 255
255 255 255 255 255 255 255 255 255 255 255 255 255 255 255 255
255 255 255 255 255 255 255 255 255 255 255 255 255 255 255 255
255 214 153 153 153 153 153 153 153 153 153 153 153 153 214 255
255 153   0   0   0   0   0   0   0   0   0   0   0   0 153 255
255 153   0   0   0   0   0   0   0   0   0   0   0   0 153 255
255 153   0   0  11  52  52  52  52  52  52  11   0   0 153 255
255 153   0   0  52 197 147 161 173 169 197  52   0   0 153 255
255 153   0   0  52 158 108 107 131 121 169  52   0   0 153 255
255 153   0   0  52 187 107  97 163 162 172  52   0   0 153 255
255 153   0   0  52 184 152 159 116 139 152  52   0   0 153 255
255 153   0   0  52 169 121 118 146 121 169  52   0   0 153 255
255 153   0   0  52 197 169 187 179 169 197  52   0   0 153 255
255 153   0   0  11  52  52  52  52  52  52  11   0   0 153 255
255 153   0   0   0   0   0   0   0   0   0   0   0   0 153 255
255 153   0   0   0   0   0   0   0   0   0   0   0   0 153 255
255 214 153 153 153 153 153 153 153 153 153 153 153 153 214 255
255 255 255 255 255 255 255 255 255 255 255 255 255 255 255 255

255 255 255 255 255 255 255 255 255 255 255 255 255 255 255 255
255 214 153 153 153 153 153 153 153 153 153 153 153 153 214 255
255 153   0   0   0   0   0   0   0   0   0   0   0   0 153 255
255 153   0   0   0   0   0   0   0   0   0   0   0   0 153 255
255 153   0   0  11  52  52  52  52  52  52  11   0   0 153 255
255 153   0   0  52 228 216 216 207 216 228  52   0   0 153 255
255 153   0   0  52 216 194 212 201 194 216  52   0   0 153 255
255 153   0   0  52 217 198 212 191 205 220  52   0   0 153 255
255 153   0   0  52 211 187 183 211 192 224  52   0   0 153 255
255 153   0   0  52 205 187 187 207 194 216  52   0   0 153 255
255 153   0   0  52 228 210 223 222 216 228  52   0   0 153 255
255 153   0   0  11  52  52  52  52  52  52  11   0   0 153 255
255 153   0   0   0   0   0   0   0   0   0   0   0   0 153 255
255 153   0   0   0   0   0   0   0   0   0   0   0   0 153 255
255 214 153 153 153 153 153 153 153 153 153 153 153 153 214 255
255 255 255 255 255 255 255 255 255 255 255 255 255 255 255 255
255 255 255 255 255 255 255 255 255 255 255 255 255 255 255 255
255 214 153 153 153 153 153 153 153 153 153 153 153 153 214 255
255 153   0   0   0   0   0   0   0   0   0   0   0   0 153 255
255 153   0   0   0   0   0   0   0   0   0   0   0   0 153 255
255 153   0   0  11  52  52  52  52  52  52  11   0   0 153 255
255 153   0   0  52 198 171 173 154 171 198  52   0   0 153 255
255 153   0   0  52 171 123 163 141 123 171  52   0   0 153 255
255 153   0   0  52 175 133 165 118 148 180  52   0   0 153 255
255 153   0   0  52 162 110 100 160 121 188  52   0   0 153 255
255 153   0   0  52 149 111 109 153 123 171  52   0   0 153 255
255 153   0   0  52 198 160 188 186 171 198  52   0   0 153 255
255 153   0   0  11  52  52  52  52  52  52  11   0   0 153 255
255 153   0   0   0   0   0   0   0   0   0   0   0   0 153 255
255 153   0   0   0   0   0   0   0   0   0   0   0   0 153 255
255 214 153 153 153 153 153 153 153 153 153 153 153 153 214 255
255 255 255 255 255 255 255 255 255 255 255 255 255 255 255 255
255 255 255 255 255 255 255 255 255 255 255 255 255 255 255 255
255 214 153 153 153 153 153 153 153 153 153 153 153 153 214 255
255 153   0   0   0   0   0   0   0   0   0   0   0   0 153 255
255 153   0   0   0   0   0   0   0   0   0   0   0   0 153 255
255 153   0   0  11  52  52  52  52  52  52  11   0   0 153 255
255 153   0   0  52 197 169 172 152 169 197  52   0   0 153 255
255 153   0   0  52 169 121 162 139 121 169  52   0   0 153 255
255 153   0   0  52 173 131 163 116 146 179  52   0   0 153 255
255 153   0   0  52 161 107  97 159 118 187  52   0   0 153 255
255 153   0   0  52 147 108 107 152 121 169  52   0   0 153 255
255 153   0   0  52 197 158 187 184 169 197  52   0   0 153 255
255 153   0   0  11  52  52  52  52  52  52  11   0   0 153 255
255 153   0   0   0   0   0   0   0   0   0   0   0   0 153 255
255 153   0   0   0   0   0   0   0   0   0   0   0   0 153 255
255 214 153 153 153 153 153 153 153 153 153 153 153 153 214 255
255 255 255 255 255 255 255 255 255 255 255 255 255 255 255 255
